1001 :: 9308122 9309097 9311042 9401139 9404151 9407087 9408099 9501030 9503124 9504090 9504145 9505025 9505054 9505105 9505162 9506048 9506112 9506144 9507050 9507158 9508094 9508155 9510142 9510225 9510234 9511030 9511171 9601108 9602022 9602114 9603003 9603150 9603161 9603167 9605184 9605222 9606017 9606040 9607163 9607207 9608086 9609070 9609071 9609239 9611137 9612108 9701162 9702094 9702155 9702198 9703082 9703166 9704097 9705030 9705044 9705104 9705220 9706005 9707014 9707042 9707049 9710230 9711036 9711104 9712028 9712042 9802194 9805056 9805206 9806094 9810188 9811217 9905036 9907041 9908007 9908144 9909108 9909120 9909229 9910238 9910248 9910268
9308122 :: 9203084 9204035 9205041 9207049 9207111 9301042 9301043
9309097 :: 9203084 9205041 9301042 9301043
9311042 :: 9301042 9301043
9401139 :: 9201015 9201040 9201047 9202046 9202059 9202092 9203008 9203031 9204035 9204040 9207049 9207111 9301042 9301043
9407087 :: 9401139
9408099 :: 9407087
9501030 :: 9407087 9408099
9503124 :: 9401139 9407087 9501030
9504090 :: 9309097 9407087
9504145 :: 9301042 9309097
9505025 :: 9301042 9309097 9404151 9501030 9503124 9504090
9505054 :: 9503124
9505105 :: 9308122 9407087 9408099 9503124 9504090 9504145
9505162 :: 9404151 9407087 9408099 9501030 9503124 9504090 9504145 9505105
9506048 :: 9501030 9503124 9505054 9505162
9506112 :: 9308122 9407087 9408099 9504090 9505105 9505162
9506144 :: 9407087 9408099 9501030 9503124 9504145 9505105 9505162 9506112
9507050 :: 9404151 9407087 9503124 9504090 9504145 9505054 9505105 9505162 9506048 9506112
9507158 :: 9503124 9504090 9504145 9505105 9505162 9506144
9508094 :: 9404151 9501030 9503124
9508155 :: 9308122 9407087 9501030 9503124 9504090 9504145 9505105 9505162 9506112 9507050 9507158
9510142 :: 9404151 9407087 9408099 9501030 9503124 9504090 9504145 9505025 9505105 9505162 9506048 9506112 9507050 9508155
9510225 :: 9407087 9503124 9504090 9505105 9506112 9510142
9510234 :: 9202046 9301042 9301043 9309097 9311042 9404151 9408099 9501030 9503124 9504145 9505105 9505162 9506112 9507050 9508155 9510142
9511030 :: 9407087 9501030 9503124 9504090 9505105
9511171 :: 9311042 9404151 9407087 9408099 9503124 9504145 9505105 9505162 9506112 9507050 9508155 9510142 9510225 9510234 9511030
9601108 :: 9301042 9308122 9309097 9311042 9404151 9407087 9501030 9503124 9504090 9504145 9505025 9505105 9505162 9507158 9508155 9510142 9510225 9510234 9511171
9602022 :: 9503124 9505105 9507050 9510225
9602114 :: 9301042 9309097 9311042 9501030 9503124 9504090 9504145 9505105 9506112 9507050 9508155 9510142 9510225 9511030 9511171 9601108 9602022
9603003 :: 9511030 9602022 9602114
9603150 :: 9301042 9309097 9503124 9505105 9506144 9507158 9511171 9601108 9602022 9602114 9603003
9603161 :: 9301042 9309097 9504090 9504145 9505162 9510142 9510225 9601108 9602022 9602114 9603003
9603167 :: 9510142 9510225 9511030
9605184 :: 9501030 9503124 9507050 9511030 9602022 9602114 9603003 9603161 9603167
9605222 :: 9301042 9308122 9309097 9503124 9504090 9504145 9510225 9511030
9606017 :: 9408099 9503124 9511030 9602022 9603003
9606040 :: 9507158 9508155 9603150
9607163 :: 9407087 9408099 9507158 9606017
9607207 :: 9407087 9408099 9606017 9607163
9608086 :: 9407087 9408099 9507158 9601108 9606017 9607163
9609070 :: 9504145 9506144 9507158 9601108 9603150 9603161 9606017
9609071 :: 9510225 9511171 9601108 9602022 9602114 9603003 9603150 9603161
9609239 :: 9301042 9308122 9407087 9408099 9503124 9504145 9505105 9505162 9506112 9507050 9508155 9510225 9510234 9511171 9601108 9609071
9611137 :: 9401139 9404151 9407087 9408099 9501030 9503124 9504090 9504145 9505025 9505054 9505105 9505162 9506048 9506112 9507050 9508094 9508155 9510225 9510234 9511030 9601108 9602022 9602114 9603003 9603161 9603167 9605184 9606040
9612108 :: 9503124 9505105 9505162 9510225 9511030 9601108 9602022 9602114 9603003 9603161 9605184 9611137
9701162 :: 9602114 9603150 9603161 9609070 9609071
9702094 :: 9407087 9408099 9505105 9508155
9702155 :: 9203084 9205041 9301042 9309097 9311042 9401139 9407087 9503124 9504090 9504145 9505105 9507158 9510225 9606040 9609070 9609071
9702198 :: 9309097 9506144 9510225 9511030 9511171 9601108 9602114 9603003 9603150 9603161 9603167 9609070 9609071
9703082 :: 9204035 9407087 9408099
9703166 :: 9407087 9507158
9704097 :: 9505105 9505162 9506112 9507050 9508155 9511030 9602114 9603161 9612108
9705030 :: 9511030 9603003 9603167 9605184 9612108
9705044 :: 9511030 9603003 9603167 9605184 9612108
9705104 :: 9301042 9503124 9505105 9510234 9511030 9602022 9602114 9603003 9603161 9603167 9605184 9611137 9612108 9701162 9704097 9705030 9705044
9705220 :: 9501030 9503124 9504090 9504145 9510225 9601108 9603003 9606040 9607207 9608086 9609070 9609071 9609239 9701162 9702198 9703166 9705030 9705044 9705104
9706005 :: 9503124 9505105 9505162 9511030 9602114 9603003 9603161 9605184 9606040 9612108 9704097 9705104
9707014 :: 9404151 9503124 9505025 9507158 9602022 9602114 9603003 9603161 9611137 9701162 9705104
9707042 :: 9503124 9510225
9707049 :: 9505105 9505162 9506112 9507050 9508155 9511030 9601108 9602114 9603161 9607207 9609239 9611137 9704097 9705220
9710230 :: 9504090 9507158
9711036 :: 9301042 9309097 9605222 9606040 9701162 9705104
9711104 :: 9505054 9506048 9701162
9712028 :: 9401139 9407087 9408099 9506048 9511030 9602022 9605184 9606017 9607163 9612108 9705104 9711104
9712042 :: 9408099 9607163 9703082
9802194 :: 9404151 9505025 9505105 9505162 9507158 9510142 9510234 9511030 9602114 9603161 9611137 9701162 9705104 9707014 9711104 9712028
9805056 :: 9506048 9602114 9603161 9701162 9705104 9707014 9711104 9712028
9805206 :: 9503124 9511030 9602114 9603003 9603161 9603167 9605184 9611137 9612108 9701162 9705030 9705044 9705104 9802194 9805056
9806094 :: 9404151 9505105 9602114 9603003 9603161 9605222 9606040 9611137 9701162 9705104 9802194 9805206
9810188 :: 9511030 9603167 9605184 9710230
9811217 :: 9309097 9407087 9408099 9505054 9507050 9508155 9511030 9601108 9602022 9602114 9603161 9605184 9605222 9607207 9609239 9612108 9701162 9704097 9705030 9705044 9705104 9705220 9706005 9802194 9806094
9905036 :: 9311042 9404151 9407087 9505025 9505105 9506112 9508155 9602022 9611137 9712042
9907041 :: 9507158 9605184
9908007 :: 9503124 9505105 9505162 9507158
9908144 :: 9401139 9503124 9511030 9602022 9710230 9712028 9810188
9909108 :: 9505054 9505162 9710230 9810188
9909120 :: 9909108
9909229 :: 9301042 9408099 9504090 9505105 9505162 9508155 9511030 9603167 9607163 9705030 9705044 9705104 9802194 9806094 9907041
9910238 :: 9503124 9504090 9505105 9505162 9507158 9511030 9606017 9607163 9607207 9608086 9707042 9802194 9909229
9910248 :: 9401139 9404151 9407087 9505105 9506112 9507050 9507158 9508155 9602114 9603161 9607163 9607207 9608086 9609239 9611137 9701162 9703082 9705104 9707014 9707042 9712042 9802194 9805206 9806094 9907041 9909229 9910238
9910268 :: 9503124 9602114 9603161 9607163 9607207 9609239 9701162 9705030 9705044 9705104 9705220 9706005 9707042 9811217 9909229 9910238 9910248
9304045 :: 9204040
