150 6000 1
0  111
0  86
0  104
0  73
0  22
0  60
0  134
0  17
0  51
0  64
0  13
0  102
0  31
0  99
0  74
0  82
0  105
0  118
0  144
0  35
0  135
0  136
0  77
0  90
0  125
0  80
0  148
0  137
0  100
0  1
0  109
0  81
0  138
0  117
0  65
0  129
0  49
0  50
0  91
0  92
0  58
0  143
0  103
0  32
0  123
0  88
0  124
0  52
1  90
1  114
1  92
1  102
1  44
1  148
1  36
1  48
1  5
1  16
1  57
1  118
1  23
1  121
1  7
1  101
1  119
1  79
1  54
1  3
1  55
1  99
1  103
1  136
1  64
1  83
1  41
1  58
1  124
1  143
1  138
1  106
1  81
1  125
1  42
1  89
1  71
2  56
2  65
2  118
2  8
2  39
2  45
2  116
2  135
2  145
2  144
2  95
2  149
2  83
2  75
2  67
2  133
2  32
2  111
2  130
2  15
2  108
2  132
2  4
2  19
2  89
2  94
2  37
2  126
2  122
2  33
2  129
2  124
2  98
2  44
2  134
2  138
2  28
2  105
2  119
2  54
2  80
2  142
2  148
2  52
2  72
2  128
2  53
2  78
2  88
2  3
3  117
3  9
3  46
3  144
3  38
3  47
3  95
3  19
3  76
3  147
3  24
3  130
3  74
3  30
3  115
3  15
3  39
3  81
3  36
3  72
3  25
3  101
3  70
3  135
3  96
3  122
3  22
3  2
3  91
3  73
3  75
3  125
4  6
4  135
4  139
4  22
4  79
4  30
4  59
4  37
4  42
4  81
4  58
4  15
4  96
4  74
4  70
4  14
4  46
4  23
4  67
4  7
4  94
4  126
4  16
4  137
4  19
4  132
4  17
4  141
4  130
4  89
4  69
4  125
4  121
4  13
4  35
4  95
4  115
5  84
5  97
5  88
5  123
5  59
5  98
5  122
5  23
5  12
5  13
5  61
5  6
5  126
5  20
5  134
5  28
5  83
5  148
5  147
5  1
5  124
5  17
5  26
5  125
5  70
5  66
5  119
5  32
5  10
5  96
5  35
6  77
6  19
6  67
6  66
6  94
6  83
6  15
6  81
6  104
6  32
6  91
6  30
6  13
6  20
6  149
6  131
6  64
6  60
6  126
6  8
6  51
6  100
6  144
6  111
6  43
6  71
6  143
6  63
6  34
6  147
6  48
7  116
7  55
7  98
7  37
7  25
7  15
7  40
7  143
7  17
7  41
7  10
7  69
7  128
7  49
7  54
7  144
7  104
7  22
7  35
7  135
7  125
7  147
7  78
7  1
7  110
7  2
7  33
7  53
7  102
7  48
7  136
7  47
7  84
7  96
7  145
7  124
7  101
7  140
7  146
7  108
7  42
8  18
8  87
8  111
8  102
8  41
8  9
8  67
8  54
8  0
8  28
8  118
8  93
8  69
8  29
8  74
8  27
8  56
8  52
8  115
8  121
8  10
8  22
8  137
8  86
8  126
8  2
8  120
8  68
8  147
8  97
8  15
8  13
8  142
8  80
8  66
8  82
8  85
8  79
8  107
8  143
8  26
8  1
8  11
9  32
9  85
9  137
9  57
9  142
9  145
9  54
9  87
9  92
9  124
9  4
9  15
9  74
9  50
9  143
9  51
9  147
9  127
9  49
9  19
9  34
9  24
9  78
9  48
9  69
9  41
9  141
9  33
9  29
9  55
9  67
9  97
9  66
9  52
9  110
9  133
9  104
9  98
9  62
10  75
10  87
10  33
10  57
10  140
10  115
10  85
10  26
10  144
10  53
10  148
10  100
10  47
10  9
10  116
10  103
10  137
10  102
10  136
10  50
10  73
10  93
10  122
10  78
10  30
10  27
10  65
10  71
10  89
10  86
10  139
10  91
10  16
10  31
10  25
10  77
10  64
10  114
10  0
10  21
10  59
10  11
10  8
11  28
11  64
11  19
11  43
11  40
11  7
11  144
11  72
11  80
11  98
11  111
11  109
11  74
11  54
11  75
11  107
11  122
11  142
11  55
11  118
11  17
11  97
11  48
11  33
11  39
11  92
11  53
11  73
11  9
11  78
12  125
12  71
12  81
12  138
12  0
12  53
12  139
12  80
12  124
12  101
12  133
12  60
12  132
12  137
12  37
12  66
12  15
12  52
12  93
12  72
12  29
12  130
12  48
12  88
12  149
12  78
12  3
12  16
12  58
12  126
12  135
12  30
13  20
13  46
13  70
13  125
13  112
13  47
13  102
13  49
13  132
13  25
13  55
13  34
13  137
13  1
13  45
13  15
13  44
13  61
13  24
13  119
13  38
13  71
13  104
13  36
13  56
13  101
13  40
13  42
13  32
13  65
13  21
13  16
13  76
13  116
13  80
13  143
13  93
13  43
13  77
14  59
14  0
14  43
14  5
14  125
14  38
14  2
14  61
14  136
14  88
14  124
14  140
14  72
14  144
14  100
14  55
14  17
14  7
14  34
14  142
14  135
14  90
14  129
14  25
14  75
14  74
14  84
14  115
14  137
14  121
14  1
14  122
14  138
14  49
14  39
14  62
14  146
14  64
14  11
14  18
14  56
15  142
15  125
15  26
15  16
15  50
15  0
15  137
15  58
15  32
15  118
15  85
15  11
15  117
15  100
15  43
15  64
15  70
15  77
15  80
15  3
15  14
15  135
15  24
15  68
15  148
15  133
15  65
15  22
15  131
15  127
15  35
15  9
15  78
15  119
15  109
15  108
15  25
15  61
16  34
16  45
16  30
16  61
16  14
16  97
16  116
16  10
16  130
16  149
16  113
16  31
16  134
16  84
16  118
16  144
16  94
16  112
16  104
16  19
16  32
16  78
16  39
16  13
16  71
16  37
16  120
16  59
16  142
16  41
16  119
16  74
16  12
16  115
16  23
16  21
16  56
16  137
16  128
16  81
17  8
17  97
17  108
17  58
17  25
17  147
17  113
17  100
17  86
17  85
17  90
17  36
17  109
17  38
17  65
17  24
17  67
17  105
17  122
17  98
17  37
17  126
17  54
17  66
17  7
17  3
17  119
17  12
17  84
17  40
17  59
17  11
17  62
17  55
17  20
17  44
17  14
17  61
17  42
17  79
18  79
18  75
18  103
18  141
18  16
18  64
18  148
18  26
18  46
18  139
18  116
18  61
18  87
18  120
18  102
18  21
18  3
18  110
18  86
18  13
18  56
18  117
18  131
18  81
18  48
18  7
18  5
18  125
18  129
18  45
18  114
18  126
18  47
18  55
18  22
18  31
18  142
18  82
19  7
19  84
19  22
19  117
19  113
19  46
19  137
19  90
19  81
19  130
19  115
19  79
19  41
19  23
19  61
19  145
19  101
19  122
19  44
19  139
19  119
19  110
19  66
19  16
19  29
19  108
19  140
19  95
19  47
19  42
19  112
19  148
19  111
19  76
19  107
19  85
19  128
19  67
20  50
20  0
20  59
20  23
20  144
20  84
20  21
20  54
20  41
20  99
20  40
20  61
20  134
20  18
20  5
20  97
20  42
20  37
20  133
20  96
20  147
20  140
20  9
20  91
20  66
20  70
20  26
20  39
20  63
20  74
20  52
20  121
20  94
20  102
20  62
20  15
20  1
20  115
20  123
20  19
20  103
20  34
20  32
21  68
21  62
21  70
21  67
21  92
21  119
21  125
21  44
21  115
21  20
21  36
21  105
21  64
21  116
21  144
21  129
21  39
21  5
21  26
21  120
21  114
21  77
21  128
21  25
21  3
21  86
21  84
21  40
21  1
21  16
21  89
21  88
21  148
21  54
21  82
21  55
21  13
22  6
22  62
22  132
22  106
22  33
22  99
22  113
22  131
22  34
22  109
22  55
22  120
22  149
22  31
22  78
22  77
22  87
22  50
22  25
22  118
22  122
22  125
22  45
22  60
22  85
22  61
22  76
22  107
22  67
22  84
22  83
22  17
22  32
22  108
22  72
23  96
23  126
23  94
23  5
23  50
23  77
23  34
23  104
23  83
23  140
23  95
23  97
23  43
23  40
23  66
23  149
23  2
23  51
23  80
23  32
23  56
23  67
23  145
23  49
23  15
23  42
23  98
23  116
23  103
23  146
23  33
23  120
23  18
23  31
23  124
23  21
23  47
23  62
23  64
23  76
23  84
23  114
23  41
23  91
24  55
24  99
24  50
24  33
24  11
24  102
24  26
24  124
24  98
24  71
24  109
24  20
24  94
24  3
24  60
24  25
24  68
24  52
24  18
24  105
24  147
24  19
24  37
24  72
24  135
24  108
24  142
24  23
24  103
24  27
24  140
24  119
24  49
24  63
24  54
24  76
24  81
24  47
24  114
24  120
24  44
24  136
24  70
25  26
25  34
25  123
25  83
25  124
25  5
25  95
25  102
25  129
25  148
25  134
25  71
25  6
25  14
25  19
25  77
25  80
25  46
25  105
25  29
25  11
25  120
25  118
25  122
25  75
25  99
25  39
25  89
25  84
25  133
25  138
25  21
25  90
25  17
25  78
25  131
25  101
26  87
26  146
26  143
26  32
26  78
26  74
26  33
26  4
26  64
26  8
26  43
26  131
26  80
26  46
26  38
26  25
26  40
26  111
26  85
26  9
26  20
26  112
26  2
26  60
26  72
26  132
26  110
26  119
26  109
26  52
26  55
26  96
26  69
26  89
26  3
26  103
26  77
26  114
27  89
27  120
27  3
27  112
27  25
27  131
27  62
27  29
27  13
27  20
27  111
27  144
27  45
27  139
27  14
27  82
27  33
27  147
27  39
27  69
27  61
27  143
27  64
27  60
27  74
27  52
27  103
27  16
27  117
27  47
27  68
27  116
27  8
27  76
27  77
27  135
27  59
27  100
28  90
28  99
28  136
28  27
28  20
28  11
28  131
28  107
28  97
28  66
28  76
28  140
28  144
28  148
28  37
28  101
28  130
28  55
28  41
28  123
28  113
28  83
28  32
28  16
28  60
28  0
28  119
28  2
28  77
28  110
28  109
28  62
28  132
28  42
28  69
28  91
28  118
28  12
28  88
28  104
28  116
28  51
28  39
28  74
28  24
28  61
28  138
28  45
28  53
29  77
29  88
29  136
29  144
29  46
29  111
29  138
29  22
29  55
29  124
29  37
29  40
29  100
29  19
29  78
29  85
29  8
29  66
29  3
29  117
29  9
29  91
29  90
29  110
29  114
29  93
29  58
29  112
29  101
29  63
29  57
29  36
29  31
29  107
29  102
30  122
30  149
30  83
30  33
30  43
30  119
30  2
30  80
30  26
30  3
30  108
30  22
30  134
30  25
30  24
30  106
30  130
30  5
30  36
30  74
30  93
30  1
30  7
30  28
30  37
30  51
30  132
30  96
30  81
30  135
30  120
30  125
30  32
30  77
30  57
30  21
30  56
30  68
30  141
30  110
30  70
30  143
31  128
31  125
31  100
31  94
31  52
31  27
31  137
31  19
31  69
31  114
31  88
31  119
31  92
31  78
31  65
31  3
31  115
31  138
31  36
31  77
31  110
31  37
31  123
31  121
31  1
31  13
31  35
31  32
31  41
31  26
31  39
31  82
31  84
31  79
31  126
31  73
31  54
31  29
31  72
31  17
31  97
31  149
31  143
31  24
31  101
31  57
31  46
31  71
31  133
32  72
32  57
32  145
32  5
32  138
32  64
32  39
32  71
32  35
32  147
32  63
32  115
32  128
32  87
32  96
32  130
32  102
32  62
32  86
32  16
32  100
32  89
32  69
32  13
32  70
32  149
32  48
32  59
32  51
32  4
32  44
32  24
32  8
32  136
32  139
32  141
32  107
32  1
32  117
32  119
32  77
33  2
33  22
33  132
33  73
33  3
33  63
33  70
33  20
33  12
33  94
33  77
33  127
33  148
33  105
33  131
33  116
33  124
33  14
33  24
33  5
33  95
33  104
33  98
33  13
33  138
33  45
33  56
33  112
33  125
33  91
33  118
33  128
33  62
33  76
33  67
33  1
33  149
34  142
34  80
34  120
34  124
34  103
34  97
34  60
34  20
34  84
34  29
34  146
34  31
34  56
34  75
34  134
34  114
34  18
34  57
34  35
34  137
34  11
34  52
34  46
34  136
34  51
34  133
34  91
34  6
34  33
34  108
34  117
34  10
34  48
34  72
34  12
34  127
34  25
34  63
34  149
34  9
35  6
35  29
35  70
35  138
35  129
35  87
35  144
35  62
35  0
35  72
35  60
35  83
35  47
35  66
35  64
35  34
35  5
35  20
35  149
35  56
35  103
35  52
35  116
35  141
35  37
35  24
35  10
35  128
35  113
35  54
35  51
35  49
35  85
35  132
35  88
35  126
35  1
35  71
35  145
35  19
35  36
35  63
35  65
35  74
35  27
35  124
35  104
35  69
35  96
35  9
35  17
35  14
35  122
35  109
35  110
36  29
36  66
36  47
36  136
36  111
36  144
36  95
36  94
36  67
36  25
36  59
36  24
36  65
36  4
36  62
36  83
36  108
36  112
36  35
36  19
36  117
36  23
36  100
36  2
36  34
36  50
36  141
36  10
36  86
36  63
36  79
36  106
36  103
36  33
36  74
36  76
36  30
36  37
36  20
36  13
37  19
37  98
37  47
37  38
37  77
37  86
37  122
37  65
37  147
37  128
37  87
37  114
37  0
37  71
37  148
37  125
37  39
37  1
37  14
37  50
37  66
37  81
37  46
37  99
37  67
37  138
37  8
37  48
37  63
37  49
37  31
37  73
37  17
37  130
37  41
37  27
38  126
38  53
38  65
38  31
38  86
38  61
38  54
38  125
38  33
38  93
38  19
38  45
38  97
38  110
38  139
38  66
38  101
38  12
38  44
38  81
38  109
38  58
38  0
38  60
38  130
38  11
38  46
38  95
38  131
38  13
38  37
38  99
38  120
38  7
38  67
38  144
38  96
38  77
38  21
38  36
38  91
38  55
38  51
38  133
38  8
38  113
39  47
39  23
39  85
39  18
39  48
39  123
39  55
39  107
39  71
39  95
39  11
39  101
39  128
39  146
39  61
39  43
39  63
39  46
39  144
39  136
39  17
39  149
39  130
39  77
39  131
39  106
39  24
39  20
39  28
39  141
39  3
39  27
39  125
39  134
39  57
39  31
39  108
39  59
39  34
39  32
39  137
39  88
40  50
40  92
40  136
40  116
40  57
40  99
40  72
40  127
40  126
40  31
40  23
40  9
40  147
40  85
40  117
40  55
40  77
40  100
40  82
40  142
40  144
40  33
40  41
40  87
40  143
40  84
40  53
40  26
40  18
40  64
40  132
40  88
40  27
40  97
40  21
40  114
41  100
41  42
41  54
41  102
41  108
41  81
41  20
41  112
41  79
41  2
41  39
41  71
41  142
41  62
41  13
41  74
41  57
41  139
41  24
41  120
41  96
41  3
41  60
41  51
41  40
41  140
41  68
41  113
41  6
41  144
41  65
41  63
41  73
41  21
41  109
41  101
41  27
41  147
41  99
41  18
41  8
41  11
41  36
41  126
41  67
42  109
42  133
42  16
42  118
42  130
42  67
42  32
42  95
42  87
42  52
42  94
42  66
42  22
42  103
42  49
42  121
42  19
42  6
42  145
42  1
42  41
42  108
42  117
42  101
42  139
42  138
42  128
42  136
42  15
42  35
42  134
42  144
42  24
42  40
42  29
42  120
42  12
42  93
42  75
42  96
42  56
42  131
42  20
42  106
42  83
42  21
42  97
43  120
43  12
43  56
43  51
43  88
43  22
43  26
43  18
43  103
43  47
43  0
43  31
43  50
43  23
43  141
43  39
43  65
43  102
43  73
43  97
43  27
43  81
43  127
43  52
43  55
43  108
43  122
43  131
43  32
43  10
43  34
43  78
43  30
43  106
43  36
43  145
43  45
43  1
43  63
43  69
43  62
44  52
44  26
44  129
44  147
44  132
44  124
44  13
44  77
44  23
44  139
44  70
44  140
44  82
44  58
44  78
44  5
44  47
44  119
44  131
44  109
44  25
44  29
44  9
44  145
44  63
44  113
44  116
44  34
44  71
44  49
44  46
44  87
44  122
44  51
44  100
44  22
44  146
44  42
45  64
45  63
45  119
45  44
45  103
45  96
45  132
45  70
45  1
45  29
45  113
45  86
45  133
45  125
45  48
45  149
45  61
45  73
45  82
45  37
45  136
45  143
45  131
45  118
45  95
45  2
45  23
45  41
45  72
45  78
45  146
45  105
45  107
45  56
45  79
45  19
45  147
45  88
45  69
45  60
45  15
45  135
45  57
45  94
45  24
45  55
45  5
46  83
46  119
46  99
46  27
46  52
46  9
46  102
46  22
46  60
46  145
46  28
46  17
46  132
46  100
46  30
46  50
46  87
46  24
46  0
46  148
46  66
46  108
46  126
46  113
46  131
46  54
46  147
46  44
46  111
46  33
47  128
47  53
47  35
47  88
47  71
47  141
47  41
47  108
47  63
47  65
47  18
47  75
47  31
47  12
47  43
47  37
47  51
47  5
47  90
47  25
47  4
47  59
47  124
47  149
47  1
47  42
47  135
47  81
47  34
47  142
47  70
47  91
47  0
47  131
47  44
47  121
48  132
48  91
48  118
48  67
48  111
48  54
48  50
48  135
48  40
48  15
48  36
48  53
48  96
48  85
48  52
48  68
48  90
48  149
48  137
48  86
48  117
48  72
48  34
48  18
48  125
48  76
48  140
48  104
48  107
48  141
48  49
48  142
48  31
48  69
48  106
48  78
48  112
48  16
48  21
48  45
48  89
49  4
49  26
49  93
49  35
49  86
49  141
49  82
49  121
49  117
49  9
49  56
49  80
49  32
49  25
49  12
49  84
49  133
49  20
49  23
49  85
49  14
49  146
49  124
49  51
49  119
49  58
49  19
49  99
49  11
49  112
49  104
49  65
49  69
49  97
49  45
49  43
49  28
49  34
49  139
49  129
49  17
49  111
49  122
49  16
49  75
50  34
50  66
50  14
50  130
50  24
50  9
50  109
50  44
50  112
50  57
50  7
50  43
50  96
50  133
50  146
50  92
50  106
50  85
50  71
50  12
50  26
50  115
50  36
50  21
50  60
50  48
50  142
50  107
50  69
50  45
51  55
51  141
51  70
51  131
51  130
51  78
51  94
51  32
51  14
51  10
51  99
51  59
51  12
51  104
51  128
51  2
51  15
51  123
51  106
51  6
51  120
51  64
51  142
51  54
51  3
51  92
51  63
51  50
51  20
51  68
51  61
51  22
51  5
51  38
51  145
51  47
51  39
51  19
51  88
51  81
51  86
52  121
52  57
52  63
52  21
52  8
52  77
52  28
52  70
52  120
52  23
52  144
52  1
52  38
52  149
52  147
52  46
52  117
52  17
52  109
52  26
52  143
52  122
52  105
52  36
52  84
52  99
52  67
52  11
52  103
52  90
52  35
52  114
52  129
52  9
52  89
52  135
52  131
52  62
52  132
53  123
53  13
53  60
53  87
53  138
53  32
53  111
53  65
53  118
53  2
53  19
53  7
53  0
53  146
53  50
53  127
53  25
53  99
53  78
53  75
53  136
53  6
53  124
53  63
53  64
53  51
53  116
53  36
53  3
53  139
53  5
53  8
53  72
53  82
53  16
53  96
53  33
53  128
53  102
53  108
53  10
54  146
54  82
54  143
54  74
54  99
54  110
54  142
54  100
54  116
54  21
54  28
54  62
54  92
54  123
54  60
54  126
54  72
54  0
54  137
54  7
54  41
54  96
54  128
54  48
54  50
54  24
54  47
54  8
54  52
54  44
54  43
54  32
54  75
54  18
54  93
54  77
54  70
54  29
55  111
55  147
55  77
55  13
55  21
55  103
55  110
55  129
55  142
55  37
55  105
55  73
55  53
55  101
55  54
55  80
55  33
55  26
55  0
55  121
55  145
55  94
55  92
55  3
55  31
55  93
55  70
55  143
55  64
55  118
55  9
55  117
55  34
55  10
55  74
55  16
55  42
55  44
55  97
55  126
55  20
55  146
55  51
55  89
56  11
56  91
56  49
56  33
56  110
56  12
56  61
56  9
56  86
56  14
56  105
56  40
56  141
56  117
56  45
56  124
56  35
56  99
56  57
56  128
56  102
56  50
56  147
56  122
56  127
56  96
56  21
56  38
56  43
56  1
56  138
56  51
56  142
56  100
56  94
56  140
56  75
56  113
56  146
56  109
56  8
56  78
56  34
56  82
57  107
57  58
57  51
57  82
57  87
57  95
57  27
57  42
57  128
57  122
57  30
57  48
57  34
57  81
57  120
57  121
57  73
57  71
57  24
57  96
57  4
57  64
57  76
57  23
57  54
57  35
57  47
57  36
57  29
57  126
57  14
57  41
57  112
57  135
58  12
58  65
58  55
58  146
58  133
58  95
58  30
58  74
58  97
58  36
58  99
58  1
58  35
58  63
58  111
58  142
58  143
58  78
58  4
58  115
58  15
58  109
58  45
58  66
58  140
58  50
58  33
58  149
58  23
58  148
58  0
58  126
58  79
58  18
58  138
58  84
58  27
58  85
58  125
58  120
58  91
58  101
58  49
58  41
58  110
59  37
59  49
59  20
59  148
59  131
59  64
59  125
59  78
59  33
59  51
59  73
59  141
59  123
59  147
59  61
59  138
59  80
59  110
59  48
59  12
59  13
59  113
59  63
59  47
59  144
59  65
59  39
59  109
59  81
59  89
59  127
59  107
59  118
59  44
59  53
59  115
59  117
59  122
59  70
60  102
60  21
60  99
60  115
60  12
60  77
60  52
60  28
60  65
60  149
60  84
60  80
60  7
60  61
60  42
60  121
60  135
60  10
60  64
60  39
60  95
60  24
60  51
60  138
60  23
60  6
60  2
60  53
60  48
60  9
60  88
60  109
60  37
60  4
60  141
60  31
60  54
61  98
61  44
61  29
61  90
61  75
61  139
61  97
61  6
61  33
61  116
61  128
61  77
61  86
61  132
61  65
61  104
61  107
61  120
61  70
61  142
61  67
61  62
61  82
61  102
61  4
61  79
61  149
61  15
61  1
61  141
61  83
61  88
61  109
62  102
62  132
62  74
62  61
62  15
62  124
62  45
62  43
62  98
62  87
62  140
62  95
62  89
62  93
62  122
62  143
62  34
62  63
62  121
62  69
62  8
62  10
62  14
62  17
62  131
62  75
62  92
62  105
62  59
62  20
62  81
62  36
62  5
62  120
63  137
63  32
63  134
63  10
63  44
63  119
63  30
63  28
63  50
63  139
63  59
63  65
63  3
63  96
63  105
63  53
63  138
63  102
63  46
63  69
63  97
63  26
63  18
63  31
63  79
63  127
63  136
63  82
63  71
63  52
63  5
63  41
63  94
63  37
63  101
63  36
63  23
63  62
63  22
63  113
64  69
64  101
64  72
64  114
64  71
64  106
64  123
64  41
64  29
64  73
64  87
64  109
64  83
64  59
64  11
64  110
64  49
64  149
64  135
64  98
64  60
64  132
64  105
64  117
64  25
64  63
64  102
64  61
64  148
64  128
64  51
64  95
64  146
64  76
64  90
64  31
64  28
64  16
64  84
64  91
64  24
64  9
65  91
65  68
65  105
65  83
65  147
65  56
65  71
65  117
65  40
65  1
65  145
65  125
65  104
65  64
65  48
65  63
65  2
65  131
65  136
65  70
65  29
65  54
65  44
65  34
65  130
65  139
65  142
65  3
65  149
65  141
65  10
65  119
65  110
65  108
65  79
66  21
66  136
66  145
66  133
66  126
66  93
66  78
66  0
66  122
66  82
66  23
66  92
66  86
66  69
66  13
66  116
66  91
66  119
66  70
66  62
66  135
66  57
66  7
66  80
66  10
66  138
66  141
66  35
66  18
66  130
66  52
66  131
66  1
66  106
66  101
66  41
66  102
66  51
66  87
66  123
66  34
66  144
66  58
66  75
66  31
67  129
67  80
67  52
67  69
67  43
67  60
67  75
67  147
67  142
67  33
67  137
67  134
67  94
67  61
67  72
67  55
67  10
67  124
67  118
67  130
67  126
67  123
67  56
67  93
67  77
67  91
67  7
67  74
67  140
67  22
67  121
67  114
67  138
67  40
67  23
67  109
67  20
67  58
67  100
68  87
68  66
68  121
68  72
68  29
68  13
68  127
68  111
68  47
68  100
68  37
68  141
68  23
68  118
68  142
68  83
68  116
68  67
68  16
68  125
68  109
68  4
68  133
68  94
68  54
68  60
68  102
68  113
68  14
68  64
68  1
68  145
68  85
68  103
68  80
68  2
68  44
68  135
68  27
68  77
68  128
68  91
68  65
68  50
68  148
68  3
68  139
68  69
68  112
68  41
68  119
68  144
68  136
69  55
69  117
69  141
69  17
69  140
69  77
69  7
69  94
69  31
69  113
69  107
69  32
69  124
69  101
69  136
69  85
69  86
69  129
69  56
69  123
69  64
69  52
69  59
69  80
69  106
69  120
69  99
69  22
69  116
69  16
69  137
69  147
69  24
69  132
69  105
69  19
69  95
69  84
69  146
70  2
70  63
70  12
70  124
70  18
70  69
70  71
70  134
70  86
70  21
70  128
70  28
70  39
70  133
70  78
70  1
70  132
70  46
70  24
70  38
70  116
70  130
70  65
70  88
70  82
70  8
70  3
70  91
70  10
70  147
70  52
70  74
70  106
70  60
70  131
70  37
70  59
70  77
70  100
70  31
70  115
70  32
70  125
70  22
70  16
70  79
71  88
71  5
71  123
71  57
71  21
71  76
71  14
71  84
71  32
71  120
71  139
71  24
71  77
71  114
71  83
71  118
71  131
71  90
71  63
71  51
71  137
71  82
71  149
71  101
71  16
71  145
71  28
71  20
71  85
71  66
71  99
71  50
71  96
71  69
71  78
71  2
72  12
72  24
72  2
72  124
72  117
72  76
72  120
72  110
72  91
72  141
72  13
72  146
72  98
72  59
72  84
72  86
72  81
72  132
72  34
72  55
72  25
72  57
72  40
72  115
72  30
72  49
72  62
72  73
72  68
72  26
72  9
72  137
72  144
72  69
72  83
72  64
72  63
72  19
72  96
72  79
72  95
72  61
72  131
73  50
73  119
73  102
73  22
73  14
73  77
73  97
73  24
73  55
73  70
73  78
73  100
73  32
73  86
73  83
73  87
73  128
73  36
73  123
73  39
73  111
73  132
73  96
73  28
73  133
73  43
73  138
73  143
73  72
73  2
73  121
73  58
73  33
73  120
73  124
73  144
73  76
73  94
73  15
73  136
73  93
73  79
74  35
74  34
74  106
74  53
74  38
74  29
74  140
74  128
74  76
74  68
74  41
74  26
74  46
74  95
74  130
74  39
74  58
74  133
74  52
74  20
74  145
74  102
74  79
74  1
74  63
74  56
74  141
74  98
74  143
74  115
74  131
74  9
74  100
74  103
74  69
74  144
74  42
74  25
75  27
75  16
75  50
75  63
75  149
75  115
75  32
75  110
75  97
75  78
75  71
75  26
75  65
75  47
75  148
75  30
75  58
75  84
75  70
75  54
75  98
75  96
75  74
75  29
75  64
75  13
75  117
75  144
75  3
75  124
75  76
75  56
75  60
75  5
75  90
75  43
75  19
75  10
75  114
75  82
75  119
75  4
75  143
75  99
76  108
76  12
76  31
76  42
76  44
76  78
76  37
76  36
76  98
76  40
76  110
76  106
76  69
76  59
76  60
76  128
76  72
76  22
76  16
76  148
76  121
76  49
76  62
76  52
76  142
76  94
76  70
76  104
76  89
76  14
76  73
76  84
76  100
76  117
76  38
76  71
77  119
77  107
77  43
77  30
77  134
77  71
77  5
77  74
77  104
77  29
77  25
77  73
77  125
77  102
77  110
77  44
77  117
77  6
77  60
77  116
77  81
77  21
77  82
77  147
77  8
77  95
77  14
77  31
77  13
77  65
77  47
77  19
77  78
77  94
77  63
77  145
77  56
77  49
78  75
78  115
78  87
78  139
78  10
78  34
78  143
78  18
78  54
78  104
78  110
78  131
78  41
78  99
78  13
78  142
78  22
78  113
78  44
78  14
78  123
78  7
78  60
78  121
78  100
78  137
78  114
78  2
78  146
78  24
78  16
78  3
78  97
78  48
78  135
78  109
78  111
78  66
78  55
78  65
78  136
78  141
78  6
78  12
78  59
78  19
78  128
78  36
78  35
78  95
78  132
79  106
79  136
79  140
79  0
79  134
79  127
79  9
79  16
79  123
79  19
79  8
79  12
79  21
79  66
79  40
79  80
79  62
79  56
79  109
79  60
79  55
79  149
79  31
79  22
79  67
79  64
79  36
79  89
79  39
79  115
79  43
79  53
79  75
79  35
79  70
79  111
79  103
79  18
79  45
79  143
79  61
79  91
80  109
80  41
80  51
80  117
80  22
80  85
80  119
80  107
80  104
80  48
80  116
80  13
80  142
80  2
80  28
80  23
80  68
80  9
80  103
80  124
80  81
80  19
80  108
80  29
80  49
80  125
80  57
80  126
80  24
80  130
80  92
80  129
80  59
80  131
80  100
80  96
80  69
80  52
80  0
80  121
80  42
80  95
80  66
81  48
81  133
81  82
81  102
81  86
81  58
81  11
81  96
81  73
81  74
81  100
81  99
81  124
81  3
81  94
81  29
81  135
81  41
81  61
81  10
81  117
81  88
81  131
81  68
81  143
81  45
81  87
81  13
81  59
81  120
81  141
81  47
81  57
81  125
81  77
81  101
81  15
81  147
81  149
81  56
81  22
81  52
81  72
82  94
82  99
82  110
82  72
82  101
82  33
82  131
82  76
82  38
82  147
82  135
82  91
82  59
82  124
82  122
82  127
82  12
82  75
82  125
82  88
82  119
82  123
82  117
82  74
82  81
82  115
82  78
82  25
82  116
82  129
82  87
82  142
82  11
82  98
82  28
82  62
82  47
82  36
82  109
82  145
83  116
83  112
83  60
83  50
83  76
83  144
83  49
83  3
83  89
83  79
83  108
83  142
83  53
83  5
83  93
83  82
83  140
83  36
83  117
83  114
83  71
83  45
83  56
83  101
83  33
83  103
83  124
83  100
83  8
83  119
83  31
83  52
83  120
83  132
83  70
83  51
83  106
83  75
83  7
83  22
83  0
83  148
83  14
83  34
83  135
84  140
84  136
84  0
84  115
84  55
84  4
84  139
84  45
84  121
84  14
84  11
84  145
84  65
84  133
84  77
84  40
84  22
84  5
84  106
84  21
84  127
84  132
84  54
84  72
84  92
84  32
84  79
84  148
84  59
84  108
84  25
85  45
85  0
85  37
85  84
85  81
85  146
85  74
85  2
85  78
85  110
85  10
85  142
85  93
85  82
85  65
85  105
85  52
85  94
85  135
85  3
85  5
85  17
85  69
85  130
85  95
85  103
85  131
85  51
85  137
85  63
85  109
85  87
85  91
85  126
85  9
85  97
85  44
85  86
85  108
86  65
86  78
86  83
86  20
86  139
86  97
86  122
86  131
86  117
86  98
86  27
86  112
86  87
86  109
86  94
86  92
86  32
86  24
86  43
86  34
86  39
86  142
86  47
86  46
86  135
86  127
86  33
86  88
86  4
86  58
86  76
86  28
86  0
86  119
86  17
86  21
86  136
86  50
86  42
86  144
86  71
87  24
87  147
87  132
87  21
87  54
87  66
87  13
87  124
87  125
87  72
87  112
87  59
87  63
87  10
87  129
87  30
87  6
87  133
87  60
87  148
87  51
87  82
87  141
87  58
87  81
87  75
87  139
87  84
87  117
88  19
88  70
88  44
88  126
88  4
88  7
88  25
88  80
88  127
88  143
88  124
88  66
88  23
88  73
88  138
88  128
88  104
88  59
88  39
88  71
88  10
88  144
88  103
88  90
88  89
88  78
88  105
88  84
88  149
88  94
88  148
88  117
88  93
88  12
88  122
88  98
88  102
88  67
88  86
88  95
88  107
89  47
89  126
89  96
89  111
89  34
89  136
89  97
89  101
89  24
89  20
89  114
89  32
89  128
89  11
89  67
89  91
89  105
89  19
89  146
89  31
89  106
89  10
89  56
89  77
89  3
89  109
89  145
89  26
89  144
89  50
89  82
89  62
89  60
89  71
89  29
89  6
89  55
90  63
90  140
90  68
90  95
90  16
90  120
90  40
90  91
90  79
90  129
90  136
90  139
90  117
90  85
90  96
90  89
90  118
90  119
90  134
90  77
90  147
90  78
90  72
90  19
90  59
90  49
90  25
90  33
90  2
90  88
90  73
90  83
90  67
90  111
90  112
90  135
90  103
90  93
90  12
91  9
91  103
91  95
91  3
91  106
91  86
91  50
91  121
91  116
91  65
91  73
91  18
91  142
91  62
91  75
91  125
91  33
91  101
91  45
91  70
91  7
91  148
91  133
91  22
91  145
91  72
91  104
91  23
91  20
91  14
91  19
91  131
91  137
91  30
91  126
91  46
92  124
92  116
92  131
92  20
92  47
92  5
92  96
92  14
92  28
92  16
92  120
92  129
92  121
92  23
92  77
92  113
92  128
92  133
92  49
92  38
92  135
92  37
92  0
92  22
92  8
92  80
92  51
92  85
92  149
92  6
92  7
93  34
93  79
93  148
93  86
93  43
93  2
93  56
93  15
93  48
93  55
93  105
93  117
93  57
93  109
93  28
93  78
93  135
93  133
93  145
93  64
93  51
93  23
93  31
93  74
93  100
93  119
93  138
93  140
93  50
93  83
93  17
93  24
94  75
94  114
94  6
94  92
94  107
94  142
94  33
94  144
94  63
94  34
94  106
94  17
94  41
94  99
94  105
94  131
94  101
94  102
94  42
94  80
94  121
94  21
94  128
94  146
94  108
94  22
94  86
94  96
94  98
94  24
94  126
94  95
94  123
94  29
94  12
94  50
94  91
94  133
95  109
95  77
95  135
95  49
95  145
95  137
95  73
95  60
95  94
95  47
95  133
95  28
95  8
95  114
95  16
95  88
95  42
95  7
95  91
95  84
95  24
95  138
95  39
95  98
95  37
95  33
95  29
95  23
95  66
95  143
95  87
95  118
95  75
95  104
95  119
95  141
95  6
95  106
95  123
95  43
95  121
95  110
95  48
95  71
96  77
96  143
96  30
96  29
96  121
96  74
96  44
96  57
96  18
96  10
96  67
96  48
96  88
96  131
96  68
96  35
96  145
96  137
96  50
96  116
96  22
96  126
96  14
96  122
96  142
96  60
96  117
96  98
96  79
96  76
96  38
96  148
96  0
96  7
96  104
96  25
96  72
97  68
97  93
97  138
97  121
97  63
97  59
97  107
97  5
97  94
97  120
97  139
97  44
97  32
97  17
97  56
97  35
97  146
97  74
97  65
97  40
97  31
97  127
97  72
97  45
97  91
97  77
97  22
97  10
97  57
97  135
97  90
97  15
97  145
97  71
97  60
97  134
97  43
97  76
97  100
97  12
97  2
97  96
97  101
97  78
97  37
97  119
97  116
97  64
97  27
97  114
97  20
97  1
97  87
97  67
97  30
97  28
98  124
98  117
98  47
98  51
98  97
98  81
98  115
98  67
98  93
98  29
98  106
98  56
98  17
98  142
98  133
98  95
98  123
98  148
98  12
98  91
98  50
98  61
98  41
98  101
98  13
98  64
98  14
98  5
98  86
98  105
98  57
98  0
98  33
98  140
98  90
98  70
98  11
98  43
98  26
98  144
99  108
99  107
99  127
99  101
99  123
99  112
99  14
99  140
99  29
99  130
99  10
99  30
99  32
99  59
99  136
99  92
99  88
99  52
99  54
99  60
99  57
99  19
99  44
99  85
99  35
99  23
99  120
99  72
99  9
99  81
99  6
99  148
99  122
99  38
99  2
99  104
99  97
99  106
99  40
99  26
99  0
99  105
99  116
99  12
99  15
99  20
99  33
100  40
100  141
100  2
100  81
100  10
100  5
100  73
100  38
100  46
100  54
100  108
100  21
100  124
100  29
100  53
100  120
100  91
100  138
100  58
100  15
100  127
100  78
100  17
100  114
100  88
100  139
100  75
100  60
100  116
100  44
100  107
100  70
100  71
100  125
100  85
100  134
100  18
100  66
100  57
101  46
101  138
101  144
101  26
101  24
101  10
101  53
101  17
101  63
101  141
101  69
101  21
101  113
101  30
101  146
101  102
101  131
101  14
101  66
101  44
101  64
101  41
101  112
101  34
101  114
101  4
101  89
101  147
101  50
101  94
101  100
101  75
101  122
101  143
101  87
101  85
101  120
101  119
101  5
101  97
101  92
101  12
101  109
101  117
101  99
102  91
102  36
102  19
102  116
102  124
102  101
102  135
102  13
102  138
102  71
102  0
102  129
102  30
102  100
102  67
102  41
102  59
102  45
102  98
102  31
102  136
102  126
102  117
102  52
102  23
102  130
102  60
102  8
102  20
102  76
102  108
102  25
102  139
102  9
102  61
102  105
102  4
102  64
103  106
103  147
103  87
103  47
103  137
103  135
103  121
103  40
103  39
103  86
103  102
103  12
103  110
103  89
103  93
103  27
103  75
103  24
103  80
103  142
103  111
103  77
103  16
103  72
103  66
103  78
103  126
103  79
103  108
103  6
103  127
103  70
103  130
103  30
103  32
103  118
103  68
103  3
103  17
103  4
103  44
104  117
104  30
104  101
104  102
104  88
104  47
104  136
104  73
104  113
104  125
104  94
104  135
104  8
104  90
104  15
104  99
104  112
104  18
104  123
104  70
104  12
104  53
104  19
104  91
104  63
104  29
104  137
104  134
104  16
104  65
104  146
104  40
104  103
104  92
104  115
105  93
105  142
105  13
105  14
105  110
105  86
105  6
105  82
105  99
105  23
105  118
105  0
105  45
105  85
105  146
105  144
105  18
105  135
105  102
105  83
105  129
105  21
105  50
105  31
105  57
105  126
105  131
105  91
105  128
105  48
105  108
105  11
105  92
105  80
105  133
105  10
105  8
105  71
105  70
105  65
105  107
105  72
105  96
105  130
106  102
106  110
106  83
106  141
106  6
106  95
106  132
106  31
106  25
106  28
106  63
106  13
106  2
106  111
106  82
106  11
106  142
106  144
106  15
106  36
106  21
106  130
106  85
106  69
106  128
106  104
106  124
106  114
106  71
106  145
106  10
106  123
106  37
106  78
106  48
106  67
107  91
107  85
107  146
107  64
107  16
107  100
107  149
107  21
107  8
107  82
107  113
107  0
107  127
107  58
107  87
107  96
107  97
107  83
107  48
107  72
107  125
107  114
107  102
107  5
107  36
107  124
107  14
107  139
107  20
107  43
107  147
107  137
107  26
107  131
107  46
107  118
107  56
107  53
107  10
107  7
107  86
107  3
108  145
108  137
108  98
108  29
108  7
108  43
108  148
108  107
108  135
108  91
108  102
108  53
108  149
108  133
108  121
108  21
108  69
108  131
108  14
108  76
108  113
108  44
108  30
108  28
108  120
108  80
108  89
108  142
108  125
108  4
108  115
108  52
108  130
108  11
108  118
108  112
108  147
108  58
108  141
108  32
108  101
108  74
108  41
108  26
108  19
108  2
108  78
108  51
108  82
109  147
109  134
109  17
109  63
109  61
109  34
109  42
109  112
109  115
109  56
109  143
109  128
109  12
109  135
109  130
109  81
109  27
109  7
109  95
109  132
109  64
109  89
109  140
109  3
109  148
109  86
109  127
109  120
109  102
109  39
109  105
109  99
109  119
109  23
109  117
109  6
109  93
109  98
110  106
110  70
110  147
110  92
110  38
110  61
110  107
110  144
110  44
110  51
110  88
110  137
110  52
110  78
110  122
110  90
110  109
110  32
110  128
110  40
110  139
110  28
110  129
110  81
110  66
110  41
110  74
110  6
110  85
110  48
110  132
110  148
110  118
110  125
110  133
110  97
110  18
110  76
110  108
110  146
110  45
110  141
110  87
110  58
110  121
110  46
110  39
110  5
110  31
111  43
111  105
111  130
111  41
111  120
111  22
111  128
111  102
111  89
111  35
111  137
111  148
111  54
111  143
111  79
111  74
111  63
111  140
111  138
111  127
111  21
111  132
111  69
111  117
111  24
111  133
111  121
111  75
111  67
111  108
111  34
111  6
111  42
111  23
111  101
111  49
111  50
111  113
111  28
111  86
111  70
111  95
111  149
111  65
111  20
111  27
111  83
111  5
112  145
112  1
112  23
112  135
112  57
112  142
112  87
112  15
112  55
112  114
112  90
112  45
112  8
112  91
112  29
112  85
112  71
112  103
112  94
112  62
112  0
112  104
112  22
112  122
112  123
112  28
112  20
112  134
112  119
112  99
112  75
112  147
112  44
112  102
112  140
112  101
112  126
112  89
112  9
112  36
112  81
112  10
113  100
113  52
113  33
113  10
113  3
113  123
113  128
113  81
113  131
113  53
113  6
113  143
113  69
113  138
113  34
113  75
113  76
113  19
113  80
113  139
113  11
113  87
113  126
113  28
113  95
113  40
113  121
113  109
113  149
113  148
113  37
113  122
113  64
113  55
113  16
113  124
113  135
113  18
113  35
113  31
113  50
113  43
113  5
114  23
114  27
114  79
114  138
114  78
114  46
114  94
114  64
114  38
114  20
114  141
114  84
114  47
114  113
114  8
114  19
114  52
114  21
114  127
114  33
114  139
114  22
114  58
114  68
114  142
114  118
114  7
114  105
114  104
114  76
114  63
114  115
114  109
114  93
114  129
114  11
114  57
115  122
115  76
115  135
115  49
115  54
115  110
115  136
115  25
115  75
115  44
115  20
115  55
115  59
115  107
115  106
115  112
115  64
115  48
115  10
115  81
115  74
115  65
115  88
115  8
115  56
115  137
115  126
115  37
115  70
115  40
115  27
115  92
115  116
115  31
115  66
115  108
115  104
115  6
115  12
115  128
115  89
115  26
115  91
115  42
116  12
116  69
116  27
116  48
116  89
116  33
116  57
116  68
116  95
116  92
116  128
116  26
116  54
116  145
116  86
116  93
116  129
116  31
116  43
116  148
116  105
116  7
116  3
116  99
116  50
116  112
116  103
116  8
116  63
117  61
117  48
117  56
117  11
117  78
117  147
117  33
117  42
117  124
117  126
117  55
117  51
117  31
117  13
117  22
117  74
117  92
117  62
117  143
117  83
117  73
117  132
117  135
117  90
117  119
117  54
117  106
117  102
117  38
117  40
117  130
117  7
117  32
117  75
117  91
117  98
117  97
117  89
118  55
118  7
118  100
118  19
118  56
118  43
118  74
118  39
118  110
118  105
118  139
118  131
118  57
118  76
118  116
118  99
118  120
118  23
118  148
118  29
118  28
118  146
118  6
118  67
118  85
118  119
118  69
118  31
118  41
118  79
118  38
118  34
118  92
118  62
118  87
118  78
118  94
118  137
118  44
118  89
118  114
118  138
118  58
118  84
119  84
119  31
119  112
119  33
119  2
119  115
119  99
119  122
119  9
119  42
119  20
119  43
119  116
119  4
119  118
119  11
119  7
119  36
119  45
119  70
119  131
119  124
119  144
119  136
119  25
119  90
119  71
119  29
119  129
119  8
119  61
119  37
119  63
119  15
119  10
119  41
119  58
119  91
119  19
119  132
119  40
119  56
119  101
119  27
120  133
120  27
120  112
120  143
120  76
120  122
120  0
120  74
120  9
120  142
120  128
120  11
120  89
120  38
120  147
120  93
120  113
120  80
120  140
120  37
120  127
120  101
120  134
120  1
120  13
120  102
120  91
120  103
120  66
120  4
120  61
120  52
120  16
120  130
120  29
120  141
120  109
120  18
120  84
120  85
120  8
120  31
120  94
121  135
121  43
121  94
121  128
121  144
121  122
121  72
121  101
121  14
121  112
121  3
121  113
121  118
121  31
121  15
121  0
121  93
121  73
121  1
121  46
121  21
121  132
121  57
121  10
121  4
121  19
121  127
121  75
121  51
121  16
121  129
121  103
121  119
121  60
121  71
121  47
121  136
121  107
121  131
121  126
121  77
121  58
121  83
122  13
122  73
122  66
122  137
122  106
122  40
122  96
122  116
122  131
122  63
122  120
122  143
122  102
122  70
122  0
122  84
122  119
122  147
122  108
122  60
122  82
122  68
122  92
122  35
122  75
122  50
122  46
122  37
122  86
122  38
122  117
122  7
122  128
122  140
122  47
122  88
122  118
122  56
122  146
122  45
122  79
122  135
122  110
123  104
123  139
123  62
123  37
123  11
123  39
123  21
123  119
123  73
123  129
123  9
123  26
123  113
123  137
123  93
123  32
123  85
123  126
123  125
123  58
123  77
123  86
123  52
123  38
123  100
123  46
123  103
123  7
123  144
123  76
123  120
123  75
124  88
124  119
124  58
124  136
124  91
124  149
124  105
124  122
124  103
124  24
124  140
124  17
124  126
124  2
124  85
124  8
124  49
124  112
124  141
124  37
124  73
124  79
124  39
124  78
124  96
124  55
124  40
124  0
124  12
124  89
124  56
124  128
124  127
125  22
125  56
125  136
125  145
125  128
125  58
125  41
125  110
125  76
125  149
125  49
125  90
125  82
125  60
125  21
125  121
125  74
125  37
125  63
125  10
125  64
125  123
125  98
125  105
125  46
125  55
125  135
125  109
125  67
125  38
125  97
125  106
125  100
125  44
125  148
125  141
125  118
126  0
126  72
126  91
126  69
126  71
126  107
126  7
126  93
126  13
126  77
126  111
126  132
126  6
126  99
126  121
126  57
126  19
126  108
126  21
126  146
126  92
126  109
126  46
126  25
126  32
126  33
126  42
126  51
126  86
126  54
126  74
126  117
126  139
126  15
127  123
127  116
127  115
127  54
127  66
127  87
127  101
127  74
127  44
127  138
127  56
127  30
127  68
127  76
127  143
127  81
127  70
127  108
127  51
127  114
127  18
127  5
127  55
127  91
127  40
127  45
127  104
127  120
127  34
127  78
127  80
127  50
127  82
127  99
127  134
127  48
127  33
127  122
127  146
127  29
127  137
127  129
127  106
128  57
128  76
128  132
128  119
128  42
128  88
128  30
128  74
128  127
128  31
128  137
128  95
128  66
128  56
128  130
128  45
128  126
128  60
128  64
128  69
128  104
128  22
128  112
128  59
128  40
128  10
128  117
128  129
128  134
128  85
128  46
128  102
128  77
128  135
128  7
128  58
128  8
128  23
128  32
128  39
128  131
128  99
128  144
128  92
128  72
128  141
128  96
129  117
129  13
129  28
129  1
129  60
129  103
129  85
129  134
129  142
129  97
129  18
129  131
129  74
129  67
129  136
129  73
129  30
129  138
129  46
129  145
129  98
129  143
129  133
129  99
129  124
129  82
129  70
129  87
129  27
129  45
129  54
129  80
129  63
129  140
129  41
129  128
129  116
129  55
129  36
129  77
129  21
129  79
129  16
129  146
129  61
130  107
130  36
130  124
130  92
130  35
130  100
130  89
130  42
130  72
130  0
130  117
130  94
130  45
130  106
130  67
130  75
130  58
130  140
130  65
130  116
130  84
130  118
130  126
130  29
130  30
130  2
130  83
131  27
131  67
131  137
131  1
131  50
131  112
131  149
131  121
131  139
131  13
131  40
131  141
131  76
131  4
131  43
131  3
131  47
131  38
131  57
131  85
131  52
131  78
131  20
131  8
131  81
131  17
131  51
131  56
131  87
131  146
131  30
131  115
132  133
132  35
132  6
132  38
132  119
132  50
132  80
132  146
132  143
132  65
132  48
132  36
132  60
132  72
132  14
132  26
132  112
132  125
132  137
132  111
132  106
132  127
132  149
132  98
132  97
132  105
132  126
132  107
132  75
132  96
132  93
132  130
132  54
132  135
132  90
132  82
132  128
132  134
132  63
132  79
132  2
132  139
132  10
132  104
132  5
132  61
132  1
132  11
133  30
133  141
133  44
133  115
133  120
133  148
133  128
133  2
133  127
133  88
133  146
133  64
133  78
133  135
133  97
133  54
133  110
133  45
133  134
133  39
133  57
133  7
133  72
133  11
133  85
133  126
133  102
133  36
133  32
133  100
133  114
133  27
133  66
133  29
133  63
133  49
133  79
133  17
133  58
133  74
133  83
133  8
133  89
133  93
133  42
133  65
134  98
134  71
134  112
134  65
134  146
134  99
134  59
134  7
134  10
134  37
134  56
134  31
134  95
134  78
134  101
134  125
134  135
134  87
134  136
134  117
134  52
134  22
134  26
134  4
134  43
134  19
134  72
134  79
134  75
134  92
134  109
134  147
134  138
134  5
134  27
134  70
134  6
134  41
135  28
135  78
135  22
135  38
135  126
135  63
135  5
135  53
135  133
135  19
135  14
135  149
135  62
135  92
135  49
135  44
135  96
135  61
135  67
135  25
135  75
135  12
135  114
135  142
135  48
135  59
135  7
135  21
135  132
135  128
135  129
135  74
135  91
135  89
135  35
135  90
135  82
135  73
135  3
135  98
135  65
135  113
135  71
136  140
136  5
136  36
136  68
136  122
136  33
136  125
136  96
136  14
136  117
136  67
136  93
136  76
136  77
136  31
136  2
136  141
136  8
136  131
136  126
136  20
136  130
136  102
136  9
136  90
136  99
136  13
136  110
136  138
136  10
136  129
136  51
136  149
136  80
136  52
136  4
136  62
136  27
136  18
136  64
136  92
136  134
136  142
136  81
136  47
136  66
136  34
136  3
136  139
137  103
137  44
137  41
137  68
137  130
137  112
137  89
137  34
137  4
137  149
137  20
137  33
137  88
137  24
137  126
137  105
137  30
137  81
137  38
137  94
137  31
137  98
137  55
137  70
137  143
137  86
137  97
137  29
137  57
137  113
137  83
137  0
137  95
137  27
137  128
137  80
137  53
137  46
137  111
137  14
137  123
137  60
137  132
137  142
137  66
138  29
138  144
138  67
138  139
138  38
138  56
138  95
138  113
138  9
138  73
138  51
138  37
138  136
138  60
138  134
138  35
138  58
138  23
138  82
138  125
138  118
138  26
138  131
138  105
138  8
138  57
138  68
138  89
138  63
138  30
138  104
138  122
138  94
138  24
138  112
139  47
139  51
139  100
139  125
139  83
139  86
139  58
139  16
139  109
139  28
139  137
139  129
139  8
139  105
139  81
139  50
139  92
139  133
139  115
139  102
139  54
139  114
139  101
139  96
139  36
139  88
139  10
139  104
139  56
139  73
139  45
139  53
139  62
139  128
139  38
139  18
139  118
139  120
139  148
139  145
139  117
139  134
139  85
139  31
139  146
139  52
139  20
140  45
140  11
140  86
140  46
140  136
140  53
140  75
140  148
140  101
140  39
140  134
140  123
140  0
140  138
140  112
140  117
140  61
140  27
140  137
140  96
140  66
140  95
140  97
140  65
140  52
140  37
140  13
140  104
140  55
140  38
140  90
140  4
140  82
140  60
140  35
140  124
140  110
140  5
140  132
140  84
140  6
140  50
140  8
141  64
141  73
141  37
141  57
141  81
141  14
141  122
141  72
141  40
141  43
141  113
141  34
141  42
141  120
141  123
141  94
141  21
141  91
141  140
141  82
141  137
141  100
141  56
141  24
141  6
141  29
141  85
141  4
141  8
141  49
141  36
141  115
141  45
141  107
141  11
141  136
141  12
142  39
142  36
142  68
142  55
142  29
142  136
142  84
142  134
142  81
142  37
142  26
142  128
142  132
142  28
142  66
142  80
142  53
142  105
142  63
142  119
142  125
142  61
142  146
142  52
142  101
142  48
142  44
142  91
142  75
142  145
143  34
143  55
143  16
143  125
143  23
143  127
143  41
143  61
143  129
143  79
143  36
143  19
143  7
143  38
143  54
143  73
143  76
143  21
143  39
143  56
143  51
143  57
143  25
143  74
143  121
143  131
143  43
143  31
143  94
143  139
143  81
143  135
143  44
143  93
143  59
143  107
143  12
144  146
144  82
144  108
144  128
144  17
144  94
144  2
144  73
144  117
144  100
144  136
144  25
144  89
144  50
144  143
144  52
144  109
144  67
144  19
144  0
144  131
144  116
144  139
144  13
144  64
144  48
144  68
144  79
144  106
144  40
144  134
144  148
144  133
144  65
144  119
144  121
144  110
144  107
144  31
144  113
145  19
145  54
145  52
145  77
145  71
145  95
145  82
145  38
145  125
145  78
145  40
145  94
145  122
145  84
145  142
145  31
145  131
145  12
145  98
145  140
145  29
145  112
145  67
145  2
145  1
145  60
145  74
145  149
145  11
145  4
145  43
145  85
146  53
146  90
146  124
146  2
146  139
146  133
146  98
146  132
146  100
146  44
146  73
146  34
146  62
146  18
146  117
146  32
146  82
146  9
146  3
146  50
146  76
146  99
146  29
146  105
146  92
146  42
146  45
146  79
146  57
146  135
146  119
146  108
146  147
146  89
146  63
146  30
147  62
147  41
147  32
147  50
147  130
147  95
147  7
147  79
147  57
147  59
147  139
147  31
147  47
147  115
147  64
147  36
147  72
147  107
147  76
147  74
147  137
147  67
147  126
147  88
147  12
147  114
147  89
147  40
147  25
147  102
147  42
147  33
147  56
147  81
148  128
148  86
148  110
148  132
148  23
148  42
148  32
148  118
148  14
148  147
148  43
148  10
148  100
148  75
148  90
148  95
148  133
148  58
148  113
148  144
148  115
148  70
148  82
148  99
148  63
148  1
148  93
148  48
148  137
148  20
148  15
148  54
148  41
148  72
148  37
149  56
149  99
149  92
149  34
149  74
149  30
149  126
149  80
149  89
149  66
149  109
149  101
149  138
149  128
149  86
149  107
149  49
149  31
149  120
149  7
149  88
149  50
149  70
149  57
149  61
149  115
149  141
149  108
149  29
149  17
149  77
149  134
149  20
149  71
149  123
149  127
149  78
149  136
149  97
149  146
149  104
149  41
149  0