1001
1002
1003
1004
1005
1033
208020
2226
9201007
9201015
9201040
9201047
9201056
9201059
9202014
9202037
9202046
9202059
9202092
9203008
9203031
9203083
9203084
9204030
9204031
9204035
9204036
9204037
9204040
9204046
9204060
9204099
9204102
9205004
9205009
9205027
9205040
9205041
9205046
9205060
9205062
9205068
9205081
9206004
9206023
9206051
9206078
9206080
9206101
9207016
9207049
9207053
9207060
9207091
9207111
9208055
9208076
9209016
9209052
9209116
9209117
9210015
9210021
9210068
9210121
9210123
9210127
9211021
9211041
9211056
9211097
9211130
9212020
9212060
9212089
9212115
9301005
9301026
9301042
9301043
9301052
9301083
9302033
9302069
9302103
9302126
9303032
9303057
9303106
9304026
9304045
9304062
9304104
9304135
9304154
9304155
9305010
9305069
9305139
9305142
9305185
9306005
9306052
9306125
9306145
9307049
9307107
9307158
9308042
9308062
9308083
9308122
9308131
9309089
9309093
9309097
9309105
9309110
9309124
9309140
9309152
9310035
9310067
9310151
9310159
9311042
9311120
9311168
9311183
9401139
9402002
9402005
9402032
9402044
9402085
9402089
9402119
9403040
9403054
9403058
9403096
9403123
9403187
9403195
9403198
9404060
9404151
9405012
9405029
9405124
9406012
9406032
9406055
9406090
9406091
9406105
9406128
9406178
9406198
9407021
9407031
9407087
9407111
9408036
9408040
9408074
9408083
9408099
9409021
9409110
9409111
9409119
9409165
9409188
9410010
9410073
9410167
9410209
9410210
9411048
9411057
9411134
9411149
9411170
9411178
9411187
9411234
9412109
9412115
9412117
9412184
9412200
9412209
9412236
9501022
9501030
9501068
9501073
9501111
9502012
9502057
9502072
9502077
9503114
9503115
9503121
9503124
9503163
9503179
9503207
9503208
9503212
9504006
9504019
9504027
9504034
9504047
9504081
9504090
9504095
9504102
9504145
9505006
9505023
9505025
9505035
9505053
9505054
9505062
9505073
9505075
9505082
9505097
9505100
9505105
9505150
9505162
9505183
9506011
9506014
9506024
9506048
9506052
9506057
9506075
9506077
9506084
9506091
9506098
9506101
9506102
9506110
9506112
9506122
9506126
9506135
9506144
9506150
9506156
9506160
9506186
9506194
9507008
9507012
9507013
9507018
9507027
9507032
9507048
9507050
9507090
9507113
9507115
9507121
9507151
9507153
9507158
9507168
9507169
9507170
9508044
9508056
9508064
9508071
9508072
9508091
9508094
9508096
9508107
9508143
9508144
9508154
9508155
9509009
9509042
9509049
9509066
9509105
9509106
9509132
9509146
9509151
9509161
9509162
9509171
9509175
9509176
9510017
9510055
9510074
9510086
9510093
9510097
9510101
9510106
9510135
9510142
9510148
9510161
9510169
9510173
9510182
9510209
9510225
9510227
9510228
9510234
9511026
9511030
9511043
9511077
9511080
9511088
9511108
9511131
9511154
9511157
9511164
9511169
9511171
9511180
9511194
9511203
9511204
9511222
9511230
9512005
9512006
9512016
9512017
9512031
9512043
9512053
9512059
9512062
9512077
9512078
9512127
9512129
9512139
9512145
9512178
9512181
9512196
9512219
9512222
9512226
9601003
9601014
9601023
9601029
9601036
9601038
9601075
9601078
9601108
9601150
9601162
9602010
9602022
9602030
9602049
9602051
9602052
9602064
9602065
9602070
9602077
9602097
9602098
9602102
9602111
9602114
9602118
9602120
9602126
9602136
9602154
9602167
9603003
9603004
9603037
9603042
9603074
9603081
9603086
9603090
9603097
9603100
9603108
9603127
9603133
9603136
9603142
9603150
9603158
9603161
9603167
9603170
9604030
9604034
9604062
9604090
9604091
9604097
9604128
9604129
9604156
9604178
9604198
9605030
9605032
9605033
9605036
9605042
9605053
9605131
9605136
9605150
9605154
9605184
9605199
9605200
9605201
9605222
9606008
9606017
9606036
9606040
9606043
9606044
9606049
9606073
9606086
9606112
9606122
9606133
9606148
9606165
9606176
9606177
9607011
9607019
9607020
9607032
9607043
9607057
9607060
9607076
9607091
9607105
9607108
9607139
9607163
9607164
9607174
9607202
9607207
9607229
9608019
9608024
9608039
9608047
9608053
9608079
9608085
9608086
9608109
9608111
9608125
9608173
9608183
9608194
9609017
9609059
9609070
9609071
9609111
9609112
9609124
9609128
9609159
9609161
9609167
9609176
9609209
9609219
9609239
9610043
9610076
9610111
9610132
9610140
9610148
9610151
9610154
9610162
9610192
9610195
9610234
9610249
9610251
9611014
9611050
9611063
9611064
9611079
9611090
9611092
9611112
9611124
9611134
9611137
9611159
9611172
9611173
9611188
9611190
9611194
9611196
9611197
9611201
9611213
9611230
9612010
9612011
9612012
9612014
9612052
9612078
9612080
9612085
9612105
9612108
9612114
9612126
9612131
9612146
9612148
9612207
9612215
9701015
9701023
9701048
9701129
9701147
9701162
9701165
9701175
9701190
9702014
9702037
9702038
9702056
9702061
9702076
9702094
9702103
9702136
9702154
9702155
9702165
9702180
9702194
9702195
9702198
9702199
9703007
9703040
9703082
9703098
9703100
9703110
9703148
9703157
9703166
9703167
9703210
9704006
9704043
9704044
9704061
9704089
9704097
9704104
9704142
9704170
9704177
9704186
9704189
9705004
9705024
9705030
9705044
9705104
9705113
9705117
9705162
9705169
9705174
9705175
9705210
9705212
9705220
9705223
9706005
9706057
9706110
9706117
9706144
9706155
9706171
9706174
9706192
9706195
9706207
9706226
9707013
9707014
9707042
9707044
9707049
9707068
9707123
9707143
9707207
9707208
9707223
9708005
9708031
9708040
9708042
9708118
9708141
9708147
9708166
9709027
9709043
9709049
9709178
9709180
9709193
9709214
9709216
9710021
9710031
9710206
9710208
9710230
9710244
9711013
9711027
9711029
9711035
9711036
9711048
9711069
9711080
9711098
9711104
9711161
9711162
9711165
9711197
9711200
9711201
9712023
9712028
9712042
9712086
9712186
9712197
9712214
9712230
9712257
9801009
9801030
9801057
9801087
9801123
9801139
9801160
9801161
9801204
9801206
9802030
9802042
9802093
9802109
9802111
9802148
9802150
9802183
9802194
9802202
9802203
9803001
9803002
9803015
9803023
9803060
9803084
9803090
9803101
9803116
9803131
9803137
9803156
9803171
9803194
9803205
9803224
9803235
9803239
9803251
9803259
9804006
9804170
9804176
9805012
9805015
9805019
9805026
9805032
9805056
9805082
9805087
9805104
9805112
9805114
9805129
9805140
9805157
9805167
9805170
9805189
9805206
9806021
9806022
9806051
9806074
9806087
9806094
9806121
9806140
9806155
9806171
9806174
9806195
9806217
9807014
9807040
9807046
9807051
9807080
9807087
9807090
9807096
9807097
9807098
9807137
9807138
9807142
9807164
9807187
9807226
9807235
9808006
9808016
9808032
9808042
9808097
9808117
9808122
9808141
9808149
9808162
9809009
9809015
9809022
9809067
9809097
9809111
9809122
9809124
9809147
9809179
9809192
9810022
9810051
9810063
9810064
9810087
9810126
9810131
9810155
9810157
9810163
9810186
9810188
9810206
9810227
9811035
9811089
9811097
9811120
9811133
9811141
9811149
9811156
9811167
9811178
9811193
9811208
9811211
9811217
9811230
9812017
9812032
9812035
9812089
9812092
9812093
9812118
9812135
9812144
9812163
9812170
9812193
9812238
9901041
9901042
9901056
9901099
9901101
9901109
9901126
9901134
9901137
9901149
9902012
9902067
9902071
9902074
9902098
9902125
9902129
9902132
9902155
9902160
9902170
9902195
9902208
9903019
9903026
9903031
9903059
9903091
9903109
9903123
9903132
9903139
9903190
9903214
9903224
9903225
9903238
9903241
9903269
9904017
9904021
9904036
9904104
9904115
9904145
9904207
9905006
9905012
9905032
9905036
9905038
9905075
9905078
9905080
9905081
9905096
9905104
9905111
9905134
9905139
9905143
9905148
9905195
9905210
9905221
9906030
9906040
9906064
9906168
9906182
9906194
9906201
9906204
9906221
9906224
9907006
9907041
9907061
9907070
9907080
9907178
9907189
9907200
9907204
9907209
9908007
9908025
9908036
9908040
9908041
9908047
9908076
9908091
9908104
9908110
9908116
9908126
9908142
9908144
9908174
9908175
9908186
9908196
9909001
9909030
9909041
9909047
9909053
9909058
9909070
9909076
9909101
9909103
9909108
9909114
9909120
9909121
9909127
9909130
9909134
9909140
9909163
9909205
9909229
9910081
9910093
9910132
9910148
9910149
9910216
9910219
9910238
9910248
9910252
9910268
9910269
9911040
9911043
9911055
9911161
9911199
9912001
9912012
9912118
9912132
9912160
9912187
9912233
9912239
9912242
