1001 9308122
1001 9309097
1001 9311042
1001 9401139
1001 9404151
1001 9407087
1001 9408099
1001 9501030
1001 9503124
1001 9504090
1001 9504145
1001 9505025
1001 9505054
1001 9505105
1001 9505162
1001 9506048
1001 9506112
1001 9506144
1001 9507050
1001 9507158
1001 9508094
1001 9508155
1001 9510142
1001 9510225
1001 9510234
1001 9511030
1001 9511171
1001 9601108
1001 9602022
1001 9602114
1001 9603003
1001 9603150
1001 9603161
1001 9603167
1001 9605184
1001 9605222
1001 9606017
1001 9606040
1001 9607163
1001 9607207
1001 9608086
1001 9609070
1001 9609071
1001 9609239
1001 9611137
1001 9612108
1001 9701162
1001 9702094
1001 9702155
1001 9702198
1001 9703082
1001 9703166
1001 9704097
1001 9705030
1001 9705044
1001 9705104
1001 9705220
1001 9706005
1001 9707014
1001 9707042
1001 9707049
1001 9710230
1001 9711036
1001 9711104
1001 9712028
1001 9712042
1001 9802194
1001 9805056
1001 9805206
1001 9806094
1001 9810188
1001 9811217
1001 9905036
1001 9907041
1001 9908007
1001 9908144
1001 9909108
1001 9909120
1001 9909229
1001 9910238
1001 9910248
1001 9910268
9304045 9204040
9308122 9203084
9308122 9204035
9308122 9205041
9308122 9207049
9308122 9207111
9308122 9301042
9308122 9301043
9309097 9203084
9309097 9205041
9309097 9301042
9309097 9301043
9311042 9301042
9311042 9301043
9401139 9201015
9401139 9201040
9401139 9201047
9401139 9202046
9401139 9202059
9401139 9202092
9401139 9203008
9401139 9203031
9401139 9204035
9401139 9204040
9401139 9207049
9401139 9207111
9401139 9301042
9401139 9301043
9407087 9401139
9408099 9407087
9501030 9407087
9501030 9408099
9503124 9401139
9503124 9407087
9503124 9501030
9504090 9309097
9504090 9407087
9504145 9301042
9504145 9309097
9505025 9301042
9505025 9309097
9505025 9404151
9505025 9501030
9505025 9503124
9505025 9504090
9505054 9503124
9505105 9308122
9505105 9407087
9505105 9408099
9505105 9503124
9505105 9504090
9505105 9504145
9505162 9404151
9505162 9407087
9505162 9408099
9505162 9501030
9505162 9503124
9505162 9504090
9505162 9504145
9505162 9505105
9506048 9501030
9506048 9503124
9506048 9505054
9506048 9505162
9506112 9308122
9506112 9407087
9506112 9408099
9506112 9504090
9506112 9505105
9506112 9505162
9506144 9407087
9506144 9408099
9506144 9501030
9506144 9503124
9506144 9504145
9506144 9505105
9506144 9505162
9506144 9506112
9507050 9404151
9507050 9407087
9507050 9503124
9507050 9504090
9507050 9504145
9507050 9505054
9507050 9505105
9507050 9505162
9507050 9506048
9507050 9506112
9507158 9503124
9507158 9504090
9507158 9504145
9507158 9505105
9507158 9505162
9507158 9506144
9508094 9404151
9508094 9501030
9508094 9503124
9508155 9308122
9508155 9407087
9508155 9501030
9508155 9503124
9508155 9504090
9508155 9504145
9508155 9505105
9508155 9505162
9508155 9506112
9508155 9507050
9508155 9507158
9510142 9404151
9510142 9407087
9510142 9408099
9510142 9501030
9510142 9503124
9510142 9504090
9510142 9504145
9510142 9505025
9510142 9505105
9510142 9505162
9510142 9506048
9510142 9506112
9510142 9507050
9510142 9508155
9510225 9407087
9510225 9503124
9510225 9504090
9510225 9505105
9510225 9506112
9510225 9510142
9510234 9202046
9510234 9301042
9510234 9301043
9510234 9309097
9510234 9311042
9510234 9404151
9510234 9408099
9510234 9501030
9510234 9503124
9510234 9504145
9510234 9505105
9510234 9505162
9510234 9506112
9510234 9507050
9510234 9508155
9510234 9510142
9511030 9407087
9511030 9501030
9511030 9503124
9511030 9504090
9511030 9505105
9511171 9311042
9511171 9404151
9511171 9407087
9511171 9408099
9511171 9503124
9511171 9504145
9511171 9505105
9511171 9505162
9511171 9506112
9511171 9507050
9511171 9508155
9511171 9510142
9511171 9510225
9511171 9510234
9511171 9511030
9601108 9301042
9601108 9308122
9601108 9309097
9601108 9311042
9601108 9404151
9601108 9407087
9601108 9501030
9601108 9503124
9601108 9504090
9601108 9504145
9601108 9505025
9601108 9505105
9601108 9505162
9601108 9507158
9601108 9508155
9601108 9510142
9601108 9510225
9601108 9510234
9601108 9511171
9602022 9503124
9602022 9505105
9602022 9507050
9602022 9510225
9602114 9301042
9602114 9309097
9602114 9311042
9602114 9501030
9602114 9503124
9602114 9504090
9602114 9504145
9602114 9505105
9602114 9506112
9602114 9507050
9602114 9508155
9602114 9510142
9602114 9510225
9602114 9511030
9602114 9511171
9602114 9601108
9602114 9602022
9603003 9511030
9603003 9602022
9603003 9602114
9603150 9301042
9603150 9309097
9603150 9503124
9603150 9505105
9603150 9506144
9603150 9507158
9603150 9511171
9603150 9601108
9603150 9602022
9603150 9602114
9603150 9603003
9603161 9301042
9603161 9309097
9603161 9504090
9603161 9504145
9603161 9505162
9603161 9510142
9603161 9510225
9603161 9601108
9603161 9602022
9603161 9602114
9603161 9603003
9603167 9510142
9603167 9510225
9603167 9511030
9605184 9501030
9605184 9503124
9605184 9507050
9605184 9511030
9605184 9602022
9605184 9602114
9605184 9603003
9605184 9603161
9605184 9603167
9605222 9301042
9605222 9308122
9605222 9309097
9605222 9503124
9605222 9504090
9605222 9504145
9605222 9510225
9605222 9511030
9606017 9408099
9606017 9503124
9606017 9511030
9606017 9602022
9606017 9603003
9606040 9507158
9606040 9508155
9606040 9603150
9607163 9407087
9607163 9408099
9607163 9507158
9607163 9606017
9607207 9407087
9607207 9408099
9607207 9606017
9607207 9607163
9608086 9407087
9608086 9408099
9608086 9507158
9608086 9601108
9608086 9606017
9608086 9607163
9609070 9504145
9609070 9506144
9609070 9507158
9609070 9601108
9609070 9603150
9609070 9603161
9609070 9606017
9609071 9510225
9609071 9511171
9609071 9601108
9609071 9602022
9609071 9602114
9609071 9603003
9609071 9603150
9609071 9603161
9609239 9301042
9609239 9308122
9609239 9407087
9609239 9408099
9609239 9503124
9609239 9504145
9609239 9505105
9609239 9505162
9609239 9506112
9609239 9507050
9609239 9508155
9609239 9510225
9609239 9510234
9609239 9511171
9609239 9601108
9609239 9609071
9611137 9401139
9611137 9404151
9611137 9407087
9611137 9408099
9611137 9501030
9611137 9503124
9611137 9504090
9611137 9504145
9611137 9505025
9611137 9505054
9611137 9505105
9611137 9505162
9611137 9506048
9611137 9506112
9611137 9507050
9611137 9508094
9611137 9508155
9611137 9510225
9611137 9510234
9611137 9511030
9611137 9601108
9611137 9602022
9611137 9602114
9611137 9603003
9611137 9603161
9611137 9603167
9611137 9605184
9611137 9606040
9612108 9503124
9612108 9505105
9612108 9505162
9612108 9510225
9612108 9511030
9612108 9601108
9612108 9602022
9612108 9602114
9612108 9603003
9612108 9603161
9612108 9605184
9612108 9611137
9701162 9602114
9701162 9603150
9701162 9603161
9701162 9609070
9701162 9609071
9702094 9407087
9702094 9408099
9702094 9505105
9702094 9508155
9702155 9203084
9702155 9205041
9702155 9301042
9702155 9309097
9702155 9311042
9702155 9401139
9702155 9407087
9702155 9503124
9702155 9504090
9702155 9504145
9702155 9505105
9702155 9507158
9702155 9510225
9702155 9606040
9702155 9609070
9702155 9609071
9702198 9309097
9702198 9506144
9702198 9510225
9702198 9511030
9702198 9511171
9702198 9601108
9702198 9602114
9702198 9603003
9702198 9603150
9702198 9603161
9702198 9603167
9702198 9609070
9702198 9609071
9703082 9204035
9703082 9407087
9703082 9408099
9703166 9407087
9703166 9507158
9704097 9505105
9704097 9505162
9704097 9506112
9704097 9507050
9704097 9508155
9704097 9511030
9704097 9602114
9704097 9603161
9704097 9612108
9705030 9511030
9705030 9603003
9705030 9603167
9705030 9605184
9705030 9612108
9705044 9511030
9705044 9603003
9705044 9603167
9705044 9605184
9705044 9612108
9705104 9301042
9705104 9503124
9705104 9505105
9705104 9510234
9705104 9511030
9705104 9602022
9705104 9602114
9705104 9603003
9705104 9603161
9705104 9603167
9705104 9605184
9705104 9611137
9705104 9612108
9705104 9701162
9705104 9704097
9705104 9705030
9705104 9705044
9705220 9501030
9705220 9503124
9705220 9504090
9705220 9504145
9705220 9510225
9705220 9601108
9705220 9603003
9705220 9606040
9705220 9607207
9705220 9608086
9705220 9609070
9705220 9609071
9705220 9609239
9705220 9701162
9705220 9702198
9705220 9703166
9705220 9705030
9705220 9705044
9705220 9705104
9706005 9503124
9706005 9505105
9706005 9505162
9706005 9511030
9706005 9602114
9706005 9603003
9706005 9603161
9706005 9605184
9706005 9606040
9706005 9612108
9706005 9704097
9706005 9705104
9707014 9404151
9707014 9503124
9707014 9505025
9707014 9507158
9707014 9602022
9707014 9602114
9707014 9603003
9707014 9603161
9707014 9611137
9707014 9701162
9707014 9705104
9707042 9503124
9707042 9510225
9707049 9505105
9707049 9505162
9707049 9506112
9707049 9507050
9707049 9508155
9707049 9511030
9707049 9601108
9707049 9602114
9707049 9603161
9707049 9607207
9707049 9609239
9707049 9611137
9707049 9704097
9707049 9705220
9710230 9504090
9710230 9507158
9711036 9301042
9711036 9309097
9711036 9605222
9711036 9606040
9711036 9701162
9711036 9705104
9711104 9505054
9711104 9506048
9711104 9701162
9712028 9401139
9712028 9407087
9712028 9408099
9712028 9506048
9712028 9511030
9712028 9602022
9712028 9605184
9712028 9606017
9712028 9607163
9712028 9612108
9712028 9705104
9712028 9711104
9712042 9408099
9712042 9607163
9712042 9703082
9802194 9404151
9802194 9505025
9802194 9505105
9802194 9505162
9802194 9507158
9802194 9510142
9802194 9510234
9802194 9511030
9802194 9602114
9802194 9603161
9802194 9611137
9802194 9701162
9802194 9705104
9802194 9707014
9802194 9711104
9802194 9712028
9805056 9506048
9805056 9602114
9805056 9603161
9805056 9701162
9805056 9705104
9805056 9707014
9805056 9711104
9805056 9712028
9805206 9503124
9805206 9511030
9805206 9602114
9805206 9603003
9805206 9603161
9805206 9603167
9805206 9605184
9805206 9611137
9805206 9612108
9805206 9701162
9805206 9705030
9805206 9705044
9805206 9705104
9805206 9802194
9805206 9805056
9806094 9404151
9806094 9505105
9806094 9602114
9806094 9603003
9806094 9603161
9806094 9605222
9806094 9606040
9806094 9611137
9806094 9701162
9806094 9705104
9806094 9802194
9806094 9805206
9810188 9511030
9810188 9603167
9810188 9605184
9810188 9710230
9811217 9309097
9811217 9407087
9811217 9408099
9811217 9505054
9811217 9507050
9811217 9508155
9811217 9511030
9811217 9601108
9811217 9602022
9811217 9602114
9811217 9603161
9811217 9605184
9811217 9605222
9811217 9607207
9811217 9609239
9811217 9612108
9811217 9701162
9811217 9704097
9811217 9705030
9811217 9705044
9811217 9705104
9811217 9705220
9811217 9706005
9811217 9802194
9811217 9806094
9905036 9311042
9905036 9404151
9905036 9407087
9905036 9505025
9905036 9505105
9905036 9506112
9905036 9508155
9905036 9602022
9905036 9611137
9905036 9712042
9907041 9507158
9907041 9605184
9908007 9503124
9908007 9505105
9908007 9505162
9908007 9507158
9908144 9401139
9908144 9503124
9908144 9511030
9908144 9602022
9908144 9710230
9908144 9712028
9908144 9810188
9909108 9505054
9909108 9505162
9909108 9710230
9909108 9810188
9909120 9909108
9909229 9301042
9909229 9408099
9909229 9504090
9909229 9505105
9909229 9505162
9909229 9508155
9909229 9511030
9909229 9603167
9909229 9607163
9909229 9705030
9909229 9705044
9909229 9705104
9909229 9802194
9909229 9806094
9909229 9907041
9910238 9503124
9910238 9504090
9910238 9505105
9910238 9505162
9910238 9507158
9910238 9511030
9910238 9606017
9910238 9607163
9910238 9607207
9910238 9608086
9910238 9707042
9910238 9802194
9910238 9909229
9910248 9401139
9910248 9404151
9910248 9407087
9910248 9505105
9910248 9506112
9910248 9507050
9910248 9507158
9910248 9508155
9910248 9602114
9910248 9603161
9910248 9607163
9910248 9607207
9910248 9608086
9910248 9609239
9910248 9611137
9910248 9701162
9910248 9703082
9910248 9705104
9910248 9707014
9910248 9707042
9910248 9712042
9910248 9802194
9910248 9805206
9910248 9806094
9910248 9907041
9910248 9909229
9910248 9910238
9910268 9503124
9910268 9602114
9910268 9603161
9910268 9607163
9910268 9607207
9910268 9609239
9910268 9701162
9910268 9705030
9910268 9705044
9910268 9705104
9910268 9705220
9910268 9706005
9910268 9707042
9910268 9811217
9910268 9909229
9910268 9910238
9910268 9910248
