1001
9201015
9201040
9201047
9202046
9202059
9202092
9203008
9203031
9203084
9204035
9204040
9205041
9207049
9207111
9301042
9301043
9304045
9308122
9309097
9311042
9401139
9404151
9407087
9408099
9501030
9503124
9504090
9504145
9505025
9505054
9505105
9505162
9506048
9506112
9506144
9507050
9507158
9508094
9508155
9510142
9510225
9510234
9511030
9511171
9601108
9602022
9602114
9603003
9603150
9603161
9603167
9605184
9605222
9606017
9606040
9607163
9607207
9608086
9609070
9609071
9609239
9611137
9612108
9701162
9702094
9702155
9702198
9703082
9703166
9704097
9705030
9705044
9705104
9705220
9706005
9707014
9707042
9707049
9710230
9711036
9711104
9712028
9712042
9802194
9805056
9805206
9806094
9810188
9811217
9905036
9907041
9908007
9908144
9909108
9909120
9909229
9910238
9910248
9910268
